{"metadata":{"formatVersion":2,"generatedBy":"LeapJS Playback 0.2.1","frames":359,"protocolVersion":6,"serviceVersion":"2.3.1+31549","frameRate":"1.1e+2","modified":"Thu Jun 23 2016 20:46:00 GMT-0700 (PDT)"},"frames":[["id","timestamp",{"hands":[["id","type","direction","palmNormal","palmPosition","palmVelocity","stabilizedPalmPosition","pinchStrength","grabStrength","confidence","armBasis","armWidth","elbow","wrist"]]},{"pointables":[["id","direction","handId","length","stabilizedTipPosition","tipPosition","tipVelocity","tool","carpPosition","mcpPosition","pipPosition","dipPosition","btipPosition","bases","type"]]},{"interactionBox":["center","size"]}],[575976,16777060494,[[485,"right",[-0.200362,0.549915,-0.810832],[-0.439859,-0.790007,-0.427099],[100.747,126.228,44.3724],[-42.8127,47.9671,-37.2788],[106.401,114.482,49.1765],0.776166,1,0.942555,[[0.873565,-0.268905,-0.405677],[0.380551,0.897001,0.224877],[0.303422,-0.350825,0.885921]],61.7535,[198.937,6.95394,317.455],[119.541,98.7535,85.6379]]],[[4850,[-0.290674,0.159057,-0.943509],485,50.508,[49.1042,113.681,19.5461],[46.681,123.231,15.0835],[-32.4753,86.0925,-30.6279],false,[91.4149,96.1504,94.9127],[91.4149,96.1504,94.9127],[60.9784,116.482,63.2806],[51.3736,121.738,32.1038],[45.4569,124.84,10.4287],[[[0.706595,0.704829,0.062761],[-0.429636,0.356851,0.8295],[0.562259,-0.613085,0.554969]],[[0.586336,0.808857,-0.0442798],[-0.510274,0.411243,0.755314],[0.629151,-0.420273,0.653865]],[[0.586336,0.808857,-0.0442798],[-0.756121,0.566084,0.328374],[0.290674,-0.159057,0.943509]],[[0.586336,0.808857,-0.0442798],[-0.766918,0.571875,0.291198],[0.26086,-0.136781,0.955638]]],0],[4851,[-0.421292,-0.683227,-0.596417],485,56.9926,[57.0383,127.032,-9.17958],[54.4351,133.855,-13.2627],[-33.6366,64.3868,-53.3689],false,[104.515,114.705,91.4697],[75.5719,147.783,35.3297],[67.187,162.282,-2.78961],[57.3184,146.277,-16.7604],[53.5742,130.577,-13.0659],[[[0.829362,-0.174897,-0.530632],[0.383888,0.868435,0.313769],[0.405942,-0.463931,0.787387]],[[0.906087,-0.28883,-0.309165],[0.372089,0.891806,0.257355],[0.201383,-0.348223,0.915525]],[[0.906087,-0.28883,-0.309165],[-0.0389665,0.670655,-0.740745],[0.421292,0.683227,0.596417]],[[0.906087,-0.28883,-0.309165],[-0.357593,-0.132253,-0.924465],[0.226125,0.948202,-0.223116]]],1],[4852,[-0.547784,-0.584903,-0.598182],485,64.9386,[67.9004,125.307,-25.0297],[66.0419,131.169,-28.3423],[-26.6845,79.3559,-65.0509],false,[114.707,114.338,85.2738],[95.1565,143.71,27.5951],[86.926,160.215,-15.3225],[71.8297,144.096,-31.8076],[64.5076,127.773,-28.3954],[[[0.798904,-0.381435,-0.465037],[0.527394,0.815968,0.236753],[0.28915,-0.434401,0.853046]],[[0.833531,-0.442939,-0.330198],[0.523624,0.823988,0.216476],[0.176194,-0.353339,0.918753]],[[0.833531,-0.442939,-0.330198],[0.0718242,0.67948,-0.73017],[0.547784,0.584903,0.598182]],[[0.833531,-0.442939,-0.330198],[-0.378928,-0.0234167,-0.92513],[0.402044,0.896246,-0.187361]]],2],[4853,[-0.609857,-0.539804,-0.580247],485,62.4402,[85.3431,118.669,-24.39],[83.9112,123.781,-27.1491],[-20.4199,91.6402,-60.2667],false,[124.403,110.876,79.2926],[114.951,134.53,24.1884],[106.972,151.035,-15.0403],[90.5991,136.543,-30.6182],[82.4268,120.801,-26.9721],[[[0.790702,-0.501622,-0.350951],[0.592073,0.772367,0.229996],[0.155692,-0.389647,0.907709]],[[0.787608,-0.494144,-0.368097],[0.587978,0.781371,0.209146],[0.184272,-0.381157,0.90596]],[[0.787608,-0.494144,-0.368097],[0.0880262,0.681494,-0.726511],[0.609857,0.539803,0.580247]],[[0.787608,-0.494144,-0.368097],[-0.419504,0.00753754,-0.907722],[0.45132,0.869347,-0.201359]]],3],[4854,[-0.639121,-0.404643,-0.654056],485,48.9519,[110.157,109.01,-18.2655],[108.691,115.847,-21.6633],[-17.1303,85.5011,-57.9164],false,[131.753,100.785,73.4285],[131.086,121.801,21.3148],[129.879,133.339,-10.9296],[117.764,125.669,-23.3274],[106.467,113.429,-22.0646],[[[0.694637,-0.664023,-0.27668],[0.719262,0.647465,0.251895],[0.011877,-0.373981,0.92736]],[[0.694731,-0.668578,-0.265239],[0.718408,0.663047,0.21038],[0.0352103,-0.336708,0.940951]],[[0.694731,-0.668578,-0.265239],[0.32996,0.623913,-0.70842],[0.639121,0.404643,0.654056]],[[0.694731,-0.668578,-0.265239],[-0.244892,0.126863,-0.961215],[0.676296,0.73274,-0.075594]]],4]],[[0,200,0],[235.247,235.247,147.751]]],[575977,16777069560,[[485,"right",[-0.20088,0.550579,-0.810253],[-0.43646,-0.790784,-0.429142],[100.328,126.681,44.0369],[-43.7411,48.5401,-37.2016],[106.401,114.482,49.1765],0.770013,1,0.9472,[[0.874676,-0.264715,-0.406039],[0.377187,0.897841,0.227181],[0.30442,-0.351862,0.885167]],61.7535,[198.804,7.13154,316.908],[119.147,99.2025,85.2882]]],[[4850,[-0.288862,0.162077,-0.943552],485,50.508,[48.8446,114.748,19.1261],[46.3008,123.889,14.7985],[-36.5095,83.7332,-30.0175],false,[91.0145,96.4885,94.5117],[91.0145,96.4885,94.5117],[60.5585,116.958,62.9872],[51.0136,122.313,31.8091],[45.0102,125.581,10.1822],[[[0.704091,0.707119,0.0651089],[-0.432226,0.35401,0.829372],[0.563415,-0.612095,0.554891]],[[0.585739,0.809499,-0.0402701],[-0.510463,0.407044,0.757458],[0.629553,-0.423116,0.651641]],[[0.585739,0.809499,-0.0402701],[-0.757277,0.564308,0.328768],[0.288862,-0.162077,0.943552]],[[0.585739,0.809499,-0.0402701],[-0.766063,0.569167,0.298657],[0.264683,-0.144085,0.953511]]],0],[4851,[-0.417951,-0.680271,-0.60212],485,56.9926,[56.8515,127.525,-9.51766],[54.1081,134.367,-13.7995],[-34.0193,63.1819,-55.3588],false,[104.057,115.093,91.1214],[75.0952,148.166,34.9879],[66.789,162.78,-3.1044],[56.9987,146.845,-17.2087],[53.2573,131.114,-13.6452],[[[0.830833,-0.171197,-0.529535],[0.380412,0.86921,0.315849],[0.406205,-0.463859,0.787294]],[[0.907706,-0.285531,-0.307477],[0.369151,0.891779,0.261644],[0.199494,-0.351001,0.914877]],[[0.907706,-0.285531,-0.307477],[-0.0372433,0.675058,-0.736824],[0.417951,0.680271,0.60212]],[[0.907706,-0.285531,-0.307477],[-0.353573,-0.125874,-0.926899],[0.225955,0.950067,-0.215213]]],1],[4852,[-0.543443,-0.579218,-0.607598],485,64.9386,[67.7448,125.876,-25.4302],[65.8259,131.857,-29.0505],[-25.3203,80.3921,-70.1001],false,[114.261,114.771,84.9418],[94.7064,144.172,27.2794],[86.6522,160.834,-15.6112],[71.6756,144.872,-32.3559],[64.2976,128.52,-29.2127],[[[0.800968,-0.377946,-0.464334],[0.524224,0.817359,0.238985],[0.289204,-0.434835,0.852807]],[[0.835861,-0.440197,-0.327968],[0.52116,0.824014,0.222245],[0.172419,-0.35669,0.918174]],[[0.835861,-0.440197,-0.327968],[0.0774977,0.6861,-0.723368],[0.543443,0.579218,0.607598]],[[0.835861,-0.440197,-0.327968],[-0.370431,-0.011393,-0.92879],[0.405114,0.897829,-0.172586]]],2],[4853,[-0.606086,-0.534509,-0.589033],485,62.4402,[85.2094,119.391,-24.8342],[83.731,124.585,-27.7616],[-20.5302,92.5858,-63.4236],false,[123.978,111.352,78.9711],[114.538,135.066,23.8905],[106.713,151.777,-15.2814],[90.4409,137.427,-31.0953],[82.2289,121.656,-27.6738],[[[0.792985,-0.49835,-0.350461],[0.589062,0.773989,0.232264],[0.155504,-0.390625,0.90732]],[[0.789955,-0.490999,-0.367275],[0.585928,0.781005,0.216145],[0.180717,-0.385942,0.904649]],[[0.789955,-0.490999,-0.367275],[0.0929024,0.68791,-0.719825],[0.606086,0.534509,0.589033]],[[0.789955,-0.490999,-0.367275],[-0.41267,0.0172979,-0.910716],[0.453514,0.870989,-0.188956]]],3],[4854,[-0.634165,-0.402938,-0.659906],485,48.9519,[110.044,109.739,-18.6883],[108.533,116.518,-22.1497],[-16.584,82.5385,-57.0786],false,[131.372,101.296,73.1026],[130.72,122.396,21.0228],[129.645,133.999,-11.2033],[117.624,126.361,-23.7119],[106.33,114.103,-22.5959],[[[0.697349,-0.6612,-0.27662],[0.716638,0.649484,0.254168],[0.0116042,-0.37548,0.926758]],[[0.697444,-0.666536,-0.263252],[0.715952,0.664147,0.215225],[0.0313828,-0.338583,0.940413]],[[0.697444,-0.666536,-0.263252],[0.333777,0.627192,-0.703721],[0.634165,0.402938,0.659906]],[[0.697444,-0.666536,-0.263252],[-0.237703,0.131384,-0.962411],[0.676069,0.733804,-0.0668044]]],4]],[[0,200,0],[235.247,235.247,147.751]]],[575978,16777078592,[[485,"right",[-0.199252,0.554911,-0.807696],[-0.436107,-0.788317,-0.434012],[99.8573,126.943,43.575],[-46.0463,43.142,-41.0407],[106.401,114.482,49.1765],0.762839,1,0.951471,[[0.874943,-0.262734,-0.406751],[0.375339,0.898692,0.226879],[0.305935,-0.351175,0.884918]],61.7535,[198.647,7.34807,316.268],[118.594,99.2393,84.7135]]],[[4850,[-0.286424,0.169214,-0.943042],485,50.508,[48.5548,115.807,18.7043],[45.8263,124.665,14.394],[-42.566,85.4081,-33.0466],false,[90.4444,96.4905,93.8752],[90.4444,96.4905,93.8752],[60.032,117.316,62.5425],[50.5676,122.907,31.3812],[44.4572,126.457,9.82885],[[[0.704313,0.70643,0.0699982],[-0.433459,0.34987,0.830484],[0.562189,-0.615262,0.552627]],[[0.587993,0.808169,-0.0335744],[-0.508979,0.401936,0.761175],[0.628653,-0.430477,0.647677]],[[0.587993,0.808169,-0.0335744],[-0.756456,0.564118,0.330975],[0.286424,-0.169214,0.943042]],[[0.587993,0.808169,-0.0335744],[-0.762685,0.567769,0.309758],[0.269399,-0.156529,0.950222]]],0],[4851,[-0.417189,-0.673372,-0.610347],485,56.9926,[56.6676,128.002,-9.8533],[53.7638,135.081,-14.4392],[-34.7937,68.6058,-59.9219],false,[103.502,115.106,90.6043],[74.65,148.486,34.5961],[66.4839,163.389,-3.41492],[56.7114,147.615,-17.712],[52.9111,131.856,-14.3386],[[[0.831646,-0.168821,-0.529023],[0.380288,0.867362,0.321037],[0.404656,-0.46817,0.785538]],[[0.908228,-0.284676,-0.306727],[0.369669,0.889302,0.269232],[0.196129,-0.357912,0.912925]],[[0.908228,-0.284676,-0.306727],[-0.0327899,0.682298,-0.730339],[0.417189,0.673372,0.610347]],[[0.908228,-0.284676,-0.306727],[-0.349923,-0.114636,-0.929738],[0.229512,0.951745,-0.20373]]],1],[4852,[-0.541002,-0.567988,-0.620247],485,64.9386,[67.5982,126.433,-25.8372],[65.5994,132.799,-29.9171],[-24.5654,89.2465,-78.8615],false,[113.716,114.812,84.4404],[94.2723,144.524,26.8999],[86.4841,161.546,-15.8984],[71.5747,145.893,-32.9917],[64.0629,129.535,-30.2183],[[[0.801573,-0.375894,-0.464956],[0.524205,0.815845,0.244146],[0.287558,-0.439433,0.851005]],[[0.83652,-0.439611,-0.327072],[0.521954,0.820949,0.23153],[0.166726,-0.364396,0.916198]],[[0.83652,-0.439611,-0.327072],[0.0868948,0.695796,-0.712964],[0.541002,0.567988,0.620247]],[[0.83652,-0.439611,-0.327072],[-0.360707,0.00751583,-0.932649],[0.412461,0.898157,-0.152284]]],2],[4853,[-0.604343,-0.524552,-0.599679],485,62.4402,[85.0705,120.099,-25.2881],[83.4835,125.526,-28.5132],[-22.725,97.3553,-69.8541],false,[123.441,111.419,78.4683],[114.105,135.426,23.4968],[106.487,152.508,-15.5558],[90.2617,138.425,-31.6554],[81.9482,122.647,-28.5243],[[[0.79334,-0.496888,-0.351729],[0.589033,0.77248,0.237307],[0.153788,-0.395445,0.905523]],[[0.790378,-0.489532,-0.368321],[0.58681,0.777639,0.22568],[0.175943,-0.394507,0.901892]],[[0.790378,-0.489532,-0.368321],[0.100359,0.696566,-0.71044],[0.604343,0.524552,0.599679]],[[0.790378,-0.489532,-0.368321],[-0.405598,0.0324322,-0.913476],[0.459122,0.871382,-0.17292]]],3],[4854,[-0.630092,-0.395539,-0.668231],485,48.9519,[109.931,110.414,-19.1038],[108.309,117.225,-22.831],[-18.0372,81.7376,-62.7061],false,[130.84,101.39,72.5597],[130.286,122.763,20.59],[129.41,134.555,-11.5733],[117.466,127.057,-24.2398],[106.121,114.829,-23.3475],[[[0.697504,-0.660077,-0.278903],[0.716513,0.6478,0.258774],[0.00986242,-0.380333,0.924797]],[[0.697571,-0.666378,-0.263315],[0.716059,0.661465,0.222989],[0.0255788,-0.3441,0.938585]],[[0.697571,-0.666378,-0.263315],[0.341143,0.632051,-0.695796],[0.630092,0.395539,0.668231]],[[0.697571,-0.666378,-0.263315],[-0.228357,0.141568,-0.96323],[0.679152,0.732051,-0.053418]]],4]],[[0,200,0],[235.247,235.247,147.751]]],[575979,16777105769,[[485,"right",[-0.19358,0.560223,-0.805405],[-0.435083,-0.784814,-0.441327],[98.4386,128.086,42.4449],[-49.8653,42.4834,-41.3778],[106.349,114.571,49.1322],0.737305,1,0.962498,[[0.874414,-0.259302,-0.410077],[0.373319,0.899425,0.227305],[0.309893,-0.351849,0.883272]],61.7535,[197.976,8.02863,314.643],[116.887,100.096,83.5193]]],[[4850,[-0.284041,0.184595,-0.940875],485,50.508,[47.1622,119.56,17.3022],[44.1428,127.144,13.5162],[-60.6235,93.4214,-29.7303],false,[88.6806,97.3447,92.5027],[88.6806,97.3447,92.5027],[58.4354,118.859,61.4749],[49.0497,124.958,30.3853],[42.3814,129.315,9.14855],[[[0.705218,0.704647,0.0783587],[-0.43756,0.345603,0.83012],[0.557861,-0.619702,0.552051]],[[0.59412,0.804086,-0.0216013],[-0.506113,0.394557,0.766925],[0.625197,-0.444713,0.641373]],[[0.59412,0.804086,-0.0216013],[-0.752557,0.565128,0.338065],[0.284041,-0.184595,0.940875]],[[0.59412,0.804086,-0.0216013],[-0.748723,0.562629,0.350518],[0.294,-0.192076,0.936307]]],0],[4851,[-0.414484,-0.658484,-0.628174],485,56.9926,[56.6676,128.002,-9.8533],[52.7941,137.051,-16.1387],[-34.3631,73.7471,-62.7867],false,[101.791,115.955,89.4208],[73.3236,149.733,33.4542],[65.6268,165.158,-4.44581],[55.9177,149.734,-19.1604],[51.9446,133.937,-16.1837],[[[0.834349,-0.167161,-0.52528],[0.38006,0.864655,0.328521],[0.39927,-0.473739,0.784955]],[[0.909862,-0.285566,-0.301004],[0.371456,0.883852,0.2843],[0.184857,-0.370484,0.910258]],[[0.909862,-0.285566,-0.301004],[-0.0188217,0.696313,-0.717492],[0.414484,0.658484,0.628174]],[[0.909862,-0.285566,-0.301004],[-0.338493,-0.0913421,-0.936525],[0.239945,0.953996,-0.179771]]],1],[4852,[-0.53344,-0.540101,-0.650948],485,64.9386,[67.5982,126.433,-25.8372],[64.9312,135.307,-32.1993],[-23.2815,96.2178,-86.4702],false,[112.04,115.679,83.3138],[92.9822,145.78,25.8462],[85.9454,163.477,-16.8079],[71.2444,148.593,-34.7473],[63.3675,132.275,-32.9099],[[[0.803523,-0.374565,-0.462657],[0.524319,0.813336,0.252141],[0.281852,-0.445181,0.849925]],[[0.838193,-0.440779,-0.321164],[0.524156,0.813745,0.251155],[0.150641,-0.378857,0.913113]],[[0.838193,-0.440779,-0.321164],[0.113464,0.716941,-0.687838],[0.53344,0.5401,0.650948]],[[0.838193,-0.440779,-0.321164],[-0.332222,0.0543416,-0.941634],[0.432506,0.895969,-0.100888]]],2],[4853,[-0.599377,-0.502464,-0.623118],485,62.4402,[85.0705,120.099,-25.2881],[82.6513,127.858,-30.3591],[-28.3673,93.3369,-71.4519],false,[121.793,112.305,77.3767],[112.817,136.665,22.501],[105.698,154.365,-16.3702],[89.6067,140.876,-33.0991],[81.0209,125.123,-30.6494],[[[0.794415,-0.496234,-0.350223],[0.589105,0.76989,0.245407],[0.147854,-0.401273,0.903946]],[[0.791452,-0.488496,-0.367389],[0.588706,0.770889,0.24322],[0.164404,-0.408781,0.897702]],[[0.791452,-0.488496,-0.367389],[0.119791,0.713373,-0.69047],[0.599377,0.502464,0.623118]],[[0.791452,-0.488496,-0.367389],[-0.38571,0.067127,-0.920175],[0.474164,0.86998,-0.13529]]],3],[4854,[-0.621955,-0.384964,-0.68189],485,48.9519,[109.551,112.135,-20.2368],[107.488,118.911,-24.2401],[-24.4747,69.8363,-56.4179],false,[129.207,102.298,71.4491],[128.991,123.99,19.6092],[128.553,136.006,-12.48],[116.763,128.709,-25.4054],[105.328,116.544,-24.8549],[[[0.697858,-0.659683,-0.278949],[0.716226,0.644839,0.266838],[0.00384873,-0.386006,0.922488]],[[0.697785,-0.667636,-0.259536],[0.716193,0.656742,0.236131],[0.0127985,-0.350646,0.936421]],[[0.697785,-0.667636,-0.259536],[0.355343,0.637232,-0.683862],[0.621955,0.384964,0.68189]],[[0.697785,-0.667636,-0.259536],[-0.211005,0.154666,-0.965171],[0.684524,0.728245,-0.032951]]],4]],[[0,200,0],[235.247,235.247,147.751]]],[575980,16777114800,[[485,"right",[-0.191056,0.561761,-0.804936],[-0.434731,-0.783657,-0.443724],[98.0309,128.528,42.0067],[-48.5659,44.2468,-43.3455],[106.223,114.783,49.0245],0.725916,1,0.962704,[[0.874204,-0.258385,-0.411102],[0.372889,0.899537,0.227569],[0.311002,-0.352237,0.882727]],61.7535,[197.73,8.28197,314.06],[116.351,100.451,83.0794]]],[[4850,[-0.284141,0.190138,-0.93974],485,50.508,[46.7019,120.702,16.8851],[43.5741,128.082,13.1821],[-64.6991,97.9757,-30.4126],false,[88.1199,97.7114,91.9883],[88.1199,97.7114,91.9883],[57.945,119.432,61.0359],[48.556,125.714,29.9837],[41.6443,130.379,8.89073],[[[0.705688,0.703844,0.0812903],[-0.439287,0.344622,0.829616],[0.555906,-0.62116,0.552385]],[[0.596086,0.802723,-0.0178188],[-0.505594,0.392499,0.768323],[0.623744,-0.448977,0.639815]],[[0.596086,0.802723,-0.0178188],[-0.750963,0.565229,0.341425],[0.284141,-0.190138,0.93974]],[[0.596086,0.802723,-0.0178188],[-0.742845,0.559773,0.367199],[0.304733,-0.205645,0.929972]]],0],[4851,[-0.413302,-0.652932,-0.634714],485,56.9926,[56.6676,128.002,-9.8533],[52.5776,137.779,-16.8207],[-31.089,76.7572,-67.0718],false,[101.256,116.315,88.9703],[72.9587,150.213,32.9903],[65.4524,165.8,-4.88169],[55.771,150.506,-19.7495],[51.7249,134.699,-16.9267],[[[0.835488,-0.16707,-0.523495],[0.380063,0.863739,0.330917],[0.396877,-0.475438,0.785141]],[[0.910501,-0.286347,-0.298318],[0.372138,0.881961,0.289239],[0.180282,-0.374367,0.909586]],[[0.910501,-0.286347,-0.298318],[-0.0130329,0.701203,-0.712843],[0.413302,0.652932,0.634714]],[[0.910501,-0.286347,-0.298318],[-0.333585,-0.0823258,-0.939118],[0.244355,0.954583,-0.170479]]],1],[4852,[-0.530947,-0.531394,-0.660088],485,64.9386,[67.5982,126.433,-25.8372],[64.8174,136.217,-32.9908],[-19.7096,99.7736,-87.4382],false,[111.519,116.039,82.8881],[92.6324,146.254,25.4243],[85.8592,164.207,-17.1657],[71.2269,149.563,-35.3569],[63.2518,133.265,-33.7832],[[[0.804311,-0.37455,-0.461298],[0.524462,0.812412,0.254807],[0.279326,-0.446878,0.849869]],[[0.838644,-0.44123,-0.319363],[0.525027,0.810931,0.258336],[0.144996,-0.384326,0.91174]],[[0.838644,-0.44123,-0.319363],[0.121543,0.723143,-0.67992],[0.530947,0.531394,0.660088]],[[0.838644,-0.44123,-0.319363],[-0.323911,0.0673847,-0.943685],[0.437902,0.89486,-0.0864078]]],2],[4853,[-0.597285,-0.494536,-0.631414],485,62.4402,[85.0705,120.099,-25.2881],[82.4891,128.704,-31.0629],[-25.709,94.7793,-74.4123],false,[121.284,112.665,76.9695],[112.467,137.126,22.1129],[105.55,155.028,-16.7026],[89.515,141.751,-33.6543],[80.8288,126.017,-31.4477],[[[0.79481,-0.496399,-0.349092],[0.589223,0.768916,0.24816],[0.145236,-0.402934,0.903632]],[[0.791867,-0.488551,-0.366422],[0.589435,0.768371,0.249346],[0.15973,-0.413431,0.896416]],[[0.791867,-0.488551,-0.366422],[0.127269,0.718855,-0.683411],[0.597285,0.494536,0.631414]],[[0.791867,-0.488551,-0.366422],[-0.377929,0.079278,-0.922434],[0.479705,0.868926,-0.12186]]],3],[4854,[-0.618711,-0.381253,-0.686908],485,48.9519,[109.44,112.634,-20.5747],[107.323,119.511,-24.7718],[-22.2366,69.011,-57.3952],false,[128.703,102.662,71.0435],[128.636,124.441,19.2398],[128.371,136.517,-12.8286],[116.643,129.291,-25.8491],[105.173,117.154,-25.4257],[[[0.697922,-0.659876,-0.278333],[0.716173,0.643708,0.269695],[0.00119965,-0.387561,0.921843]],[[0.697771,-0.66844,-0.257494],[0.716279,0.654976,0.240731],[0.00773806,-0.352412,0.935813]],[[0.697771,-0.66844,-0.257494],[0.360986,0.638619,-0.679599],[0.618711,0.381253,0.686908]],[[0.697771,-0.66844,-0.257494],[-0.204021,0.159125,-0.965948],[0.686652,0.726545,-0.0253427]]],4]],[[0,200,0],[235.247,235.247,147.751]]],[575981,16777123796,[[485,"right",[-0.188633,0.562801,-0.804781],[-0.433437,-0.783068,-0.446023],[97.4568,129.099,41.5266],[-52.7526,49.5206,-46.0967],[105.911,115.293,48.7573],0.696343,1,0.966013,[[0.874092,-0.256431,-0.412561],[0.371796,0.899761,0.228469],[0.31262,-0.353091,0.881814]],61.7535,[197.456,8.57585,313.36],[115.653,100.968,82.6176]]],[[4850,[-0.286163,0.196995,-0.937712],485,50.508,[46.1104,121.967,16.4701],[42.5806,129.379,12.9988],[-83.3405,112.662,-25.932],false,[87.3956,98.2186,91.4388],[87.3956,98.2186,91.4388],[57.2616,120.14,60.5889],[47.8058,126.65,29.6038],[40.319,131.869,8.83963],[[[0.70547,0.703709,0.0842969],[-0.441745,0.343576,0.828744],[0.554232,-0.621892,0.553243]],[[0.597493,0.801754,-0.013905],[-0.504975,0.389681,0.770162],[0.622899,-0.453145,0.637697]],[[0.597493,0.801754,-0.013905],[-0.749075,0.564255,0.347135],[0.286163,-0.196995,0.937712]],[[0.597493,0.801754,-0.013905],[-0.730783,0.551578,0.402141],[0.330088,-0.230115,0.915472]]],0],[4851,[-0.410667,-0.638588,-0.650814],485,56.9926,[56.6665,128.005,-9.85561],[52.2971,138.916,-17.8613],[-30.2116,94.2743,-83.3636],false,[100.541,116.825,88.4839],[72.4124,150.796,32.4634],[65.2641,166.749,-5.32589],[55.6445,151.79,-20.5709],[51.4368,135.958,-18.1584],[[[0.837039,-0.166434,-0.521216],[0.379108,0.863298,0.333157],[0.394516,-0.476462,0.78571]],[[0.911785,-0.287074,-0.293659],[0.373059,0.877951,0.300049],[0.171682,-0.383133,0.907598]],[[0.911785,-0.287074,-0.293659],[-0.00069524,0.713999,-0.700147],[0.410667,0.638588,0.650814]],[[0.911785,-0.287074,-0.293659],[-0.322604,-0.0582186,-0.944742],[0.254115,0.956137,-0.145694]]],1],[4852,[-0.526861,-0.519963,-0.672351],485,64.9386,[67.5525,126.634,-25.9956],[64.6169,137.361,-33.9915],[-19.8262,109.929,-94.5189],false,[110.822,116.557,82.432],[92.1084,146.847,24.951],[85.6567,165.102,-17.5603],[71.1371,150.772,-36.0895],[63.0434,134.502,-34.8873],[[[0.805668,-0.373992,-0.459378],[0.523731,0.812062,0.257412],[0.276774,-0.44798,0.850124]],[[0.839666,-0.441098,-0.316848],[0.525248,0.807904,0.267219],[0.138113,-0.390799,0.910056]],[[0.839666,-0.441098,-0.316848],[0.131823,0.731486,-0.668993],[0.526861,0.519963,0.672351]],[[0.839666,-0.441098,-0.316848],[-0.312186,0.0853825,-0.946176],[0.44441,0.893388,-0.066012]]],2],[4853,[-0.593608,-0.484025,-0.642922],485,62.4402,[85.0537,120.171,-25.3394],[82.2485,129.791,-31.9542],[-26.25,103.48,-82.5564],false,[120.605,113.19,76.5382],[111.952,137.722,21.6869],[105.301,155.863,-17.0637],[89.3644,142.869,-34.3242],[80.5504,127.161,-32.4636],[[[0.795828,-0.495985,-0.347358],[0.58851,0.768572,0.250902],[0.142526,-0.404099,0.903543]],[[0.792947,-0.488141,-0.364628],[0.589611,0.765631,0.257233],[0.153605,-0.418961,0.894917]],[[0.792947,-0.488141,-0.364628],[0.137347,0.726249,-0.673571],[0.593608,0.484025,0.642922]],[[0.792947,-0.488141,-0.364628],[-0.366463,0.0960075,-0.925466],[0.486765,0.867468,-0.102757]]],3],[4854,[-0.61146,-0.374676,-0.696947],485,48.9519,[109.338,113.116,-20.9125],[107.179,120.324,-25.4943],[-19.1681,75.6238,-64.8626],false,[128.042,103.194,70.6215],[128.129,125.04,18.8458],[128.179,137.192,-13.195],[116.589,130.09,-26.4057],[105.06,118.003,-26.2478],[[[0.698723,-0.659548,-0.277097],[0.715391,0.643331,0.272655],[-0.0015636,-0.388743,0.921345]],[[0.698442,-0.669514,-0.252843],[0.715666,0.65268,0.24866],[-0.0014553,-0.354625,0.935007]],[[0.698442,-0.669514,-0.252843],[0.371882,0.64138,-0.67107],[0.61146,0.374676,0.696947]],[[0.698442,-0.669514,-0.252843],[-0.189279,0.167907,-0.967461],[0.690183,0.723573,-0.00945183]]],4]],[[0,200,0],[235.247,235.247,147.751]]],[575982,16777132910,[[485,"right",[-0.184904,0.561672,-0.806434],[-0.435402,-0.782474,-0.445152],[96.5586,130.23,40.2487],[-65.4641,70.2301,-72.2176],[105.17,116.475,48.0836],0.656016,1,0.968577,[[0.872401,-0.258727,-0.414701],[0.375057,0.898398,0.228503],[0.313447,-0.354883,0.8808]],61.7535,[196.586,9.26468,311.917],[114.567,102.126,81.4404]]],[[4850,[-0.291546,0.204092,-0.934531],485,50.508,[45.1786,123.661,15.9586],[40.8342,131.684,12.4054],[-122.804,155.459,-34.1945],false,[86.2812,99.5001,90.2094],[86.2812,99.5001,90.2094],[56.2098,121.649,59.4605],[46.5762,128.393,28.5805],[38.0167,134.507,8.48595],[[[0.707883,0.701297,0.0841673],[-0.442178,0.347071,0.827055],[0.550799,-0.622675,0.555784]],[[0.601802,0.798533,-0.013353],[-0.501442,0.390811,0.771896],[0.621603,-0.457833,0.635609]],[[0.601802,0.798533,-0.013353],[-0.743529,0.566296,0.355632],[0.291546,-0.204092,0.934531]],[[0.601802,0.798533,-0.013353],[-0.703861,0.538206,0.463589],[0.377378,-0.26959,0.88595]]],0],[4851,[-0.410653,-0.624745,-0.664122],485,56.9926,[56.3415,128.903,-10.5788],[51.6794,140.603,-19.7091],[-39.5934,122.694,-118.788],false,[99.5011,118.051,87.2397],[71.6129,151.999,31.0849],[64.8424,168.212,-6.66325],[55.2231,153.577,-22.22],[50.8049,137.752,-20.1634],[[[0.837489,-0.17069,-0.519112],[0.381601,0.862648,0.331993],[0.391143,-0.476134,0.787594]],[[0.911692,-0.292086,-0.288968],[0.377326,0.873541,0.307493],[0.162611,-0.389374,0.906612]],[[0.911692,-0.292086,-0.288968],[0.0134495,0.724141,-0.689521],[0.410653,0.624745,0.664122]],[[0.911692,-0.292086,-0.288968],[-0.312447,-0.0361309,-0.949248],[0.266822,0.955709,-0.124202]]],1],[4852,[-0.523532,-0.503067,-0.687632],485,64.9386,[67.311,127.696,-26.8788],[64.1511,139.163,-36.0038],[-27.3991,138.042,-131.748],false,[109.794,117.731,81.2097],[91.3097,147.96,23.6221],[85.3179,166.492,-18.8369],[70.89,152.628,-37.7872],[62.5596,136.448,-37.0868],[[[0.805227,-0.377991,-0.456872],[0.52619,0.810709,0.256663],[0.273374,-0.447073,0.8517]],[[0.838886,-0.445448,-0.312803],[0.528978,0.802616,0.275662],[0.128268,-0.396715,0.908936]],[[0.838886,-0.445448,-0.312803],[0.148943,0.740607,-0.655223],[0.523532,0.503067,0.687632]],[[0.838886,-0.445448,-0.312803],[-0.295033,0.110818,-0.949039],[0.457412,0.888423,-0.0384582]]],2],[4853,[-0.591857,-0.471954,-0.653426],485,62.4402,[84.7413,121.388,-26.2764],[81.6188,131.296,-33.6989],[-38.5614,121.933,-114.563],false,[119.576,114.316,75.3437],[111.126,138.755,20.4196],[104.766,157.029,-18.3177],[88.8762,144.358,-35.8603],[79.8604,128.728,-34.347],[[[0.794707,-0.499693,-0.344597],[0.590822,0.766966,0.250385],[0.139179,-0.402578,0.904743]],[[0.791867,-0.491816,-0.362027],[0.592764,0.761591,0.261936],[0.146893,-0.422015,0.894609]],[[0.791867,-0.491816,-0.362027],[0.150505,0.731695,-0.664809],[0.591857,0.471954,0.653426]],[[0.791867,-0.491816,-0.362027],[-0.353601,0.11408,-0.928414],[0.497908,0.863194,-0.0835703]]],3],[4854,[-0.604464,-0.366489,-0.707325],485,48.9519,[109.338,113.116,-20.9125],[106.684,121.475,-27.069],[-27.2741,90.5388,-96.5188],false,[126.988,104.279,69.4648],[127.263,126.007,17.6404],[127.694,138.131,-14.408],[116.236,131.185,-27.8155],[104.592,119.207,-27.9446],[[[0.696856,-0.662739,-0.274169],[0.717195,0.641309,0.272681],[-0.00488914,-0.386652,0.922213]],[[0.696377,-0.674295,-0.245733],[0.717566,0.648183,0.25487],[-0.012578,-0.353815,0.935231]],[[0.696377,-0.674295,-0.245733],[0.386888,0.641102,-0.662802],[0.604464,0.366489,0.707325]],[[0.696377,-0.674295,-0.245733],[-0.170986,0.176658,-0.969307],[0.69701,0.71702,0.00772559]]],4]],[[0,200,0],[235.247,235.247,147.751]]],[575983,16777141908,[[485,"right",[-0.181901,0.558616,-0.809235],[-0.434483,-0.78393,-0.443484],[95.7653,131.43,39.007],[-71.6952,87.5679,-90.2754],[104.34,117.796,47.2821],0.619409,1,0.969823,[[0.871861,-0.258784,-0.4158],[0.376366,0.897281,0.230729],[0.31338,-0.357656,0.879702]],61.7535,[195.622,9.88951,310.557],[113.62,103.476,80.3673]]],[[4850,[-0.296104,0.208162,-0.932197],485,50.508,[43.9216,125.754,15.3356],[39.278,133.753,11.7407],[-142.276,177.263,-42.7187],false,[85.3047,100.904,89.0546],[85.3047,100.904,89.0546],[55.2445,123.13,58.3506],[45.4602,130.008,27.5476],[36.0862,136.769,8.03203],[[[0.708082,0.701151,0.0837102],[-0.444629,0.350618,0.82424],[0.548567,-0.620849,0.560018]],[[0.603436,0.797295,-0.0136378],[-0.499762,0.391463,0.772654],[0.621372,-0.459432,0.634681]],[[0.603436,0.797295,-0.0136378],[-0.740397,0.566559,0.361695],[0.296104,-0.208162,0.932197]],[[0.603436,0.797295,-0.0136378],[-0.681948,0.524848,0.509393],[0.413294,-0.298086,0.860426]]],0],[4851,[-0.407924,-0.615916,-0.673978],485,56.9926,[55.9592,129.976,-11.4922],[51.1882,142.04,-21.5187],[-42.8836,134.753,-142.655],false,[98.5468,119.435,86.0549],[70.8644,153.18,29.6766],[64.4152,169.5,-8.0814],[54.8598,155.073,-23.869],[50.3107,139.253,-22.0749],[[[0.839056,-0.17329,-0.515709],[0.381105,0.863694,0.329836],[0.388257,-0.473291,0.790729]],[[0.912698,-0.294572,-0.283214],[0.378142,0.871545,0.312119],[0.154892,-0.391966,0.906847]],[[0.912698,-0.294572,-0.283214],[0.0240988,0.730668,-0.682308],[0.407924,0.615916,0.673978]],[[0.912698,-0.294572,-0.283214],[-0.302499,-0.0210846,-0.952916],[0.274731,0.955397,-0.108351]]],1],[4852,[-0.518146,-0.490936,-0.700362],485,64.9386,[67.0322,128.961,-27.9824],[63.8399,140.762,-37.9595],[-28.5362,151.555,-155.986],false,[108.859,119.084,80.0597],[90.5825,149.098,22.2938],[85.0024,167.792,-20.1505],[70.723,154.262,-39.4516],[62.2409,138.148,-39.1609],[[[0.806452,-0.380322,-0.452759],[0.525903,0.811362,0.255182],[0.2703,-0.443899,0.854337]],[[0.839716,-0.447565,-0.307511],[0.529725,0.799717,0.282567],[0.119455,-0.400172,0.908621]],[[0.839716,-0.447565,-0.307511],[0.162489,0.74744,-0.644151],[0.518146,0.490936,0.700362]],[[0.839716,-0.447565,-0.307511],[-0.279223,0.129816,-0.951411],[0.465738,0.884779,-0.0159623]]],2],[4853,[-0.587537,-0.461861,-0.664443],485,62.4402,[84.3876,122.713,-27.377],[81.1535,132.707,-35.4882],[-43.1389,132.355,-139.967],false,[118.657,115.639,74.239],[110.403,139.868,19.192],[104.285,158.145,-19.5823],[88.5111,145.746,-37.4207],[79.324,130.182,-36.301],[[[0.795484,-0.501575,-0.340041],[0.590525,0.767553,0.249286],[0.135964,-0.399106,0.906768]],[[0.792661,-0.493643,-0.357778],[0.593061,0.760356,0.264835],[0.141305,-0.422109,0.895465]],[[0.792661,-0.493643,-0.357778],[0.162754,0.736886,-0.656133],[0.587537,0.461861,0.664443]],[[0.792661,-0.493643,-0.357778],[-0.338037,0.132512,-0.931757],[0.507365,0.85951,-0.061832]]],3],[4854,[-0.595229,-0.361605,-0.717596],485,48.9519,[109.338,113.116,-20.9125],[106.405,122.597,-28.5929],[-26.9502,100.385,-118.108],false,[126.082,105.574,68.4239],[126.54,127.098,16.5156],[127.339,139.117,-15.5656],[116.057,132.262,-29.1677],[104.341,120.362,-29.5875],[[[0.697294,-0.664277,-0.269291],[0.716739,0.6419,0.272488],[-0.0081494,-0.383015,0.923706]],[[0.696568,-0.677417,-0.236428],[0.717111,0.646599,0.260118],[-0.0233342,-0.350735,0.936184]],[[0.696568,-0.677417,-0.236428],[0.400618,0.640584,-0.655101],[0.595229,0.361605,0.717596]],[[0.696568,-0.677417,-0.236428],[-0.151406,0.18332,-0.971324],[0.701334,0.71239,0.0251297]]],4]],[[0,200,0],[235.247,235.247,147.751]]],[575984,16777150949,[[485,"right",[-0.179948,0.558705,-0.809609],[-0.432073,-0.78429,-0.445198],[95.1606,132.043,38.394],[-70.3675,82.1093,-84.0807],[103.456,119.167,46.4266],0.582678,1,0.972501,[[0.872415,-0.256266,-0.416197],[0.374585,0.897561,0.232532],[0.313972,-0.358765,0.879039]],61.7535,[195.071,10.2179,309.818],[112.915,104.095,79.8016]]],[[4850,[-0.299829,0.214114,-0.929655],485,50.508,[42.4473,128.016,14.716],[38.0587,135.039,11.5643],[-143.156,167.119,-34.7432],false,[84.5744,101.485,88.3956],[84.5744,101.485,88.3956],[54.5054,123.807,57.7706],[44.598,130.882,27.0516],[34.6357,138.158,8.01834],[[[0.706944,0.701986,0.0862856],[-0.447743,0.349754,0.822921],[0.5475,-0.620393,0.561566]],[[0.603127,0.797571,-0.0108253],[-0.499906,0.388537,0.774037],[0.621556,-0.461431,0.633048]],[[0.603127,0.797571,-0.0108253],[-0.739148,0.563946,0.368273],[0.299829,-0.214114,0.929655]],[[0.603127,0.797571,-0.0108253],[-0.665818,0.510875,0.543776],[0.439231,-0.320759,0.83916]]],0],[4851,[-0.403501,-0.600848,-0.69005],485,56.9926,[55.5432,131.189,-12.5451],[50.8893,143.216,-22.763],[-39.0562,136.369,-143.479],false,[97.8035,120.033,85.4461],[70.2636,153.766,28.9908],[64.1523,170.423,-8.67617],[54.7005,156.348,-24.8402],[50.0178,140.523,-23.4949],[[[0.840944,-0.172062,-0.513037],[0.378968,0.864033,0.331407],[0.386259,-0.47312,0.791809]],[[0.914282,-0.294209,-0.278442],[0.377552,0.867984,0.322581],[0.146776,-0.400057,0.904661]],[[0.914282,-0.294209,-0.278442],[0.0357181,0.743252,-0.668058],[0.403501,0.600848,0.69005]],[[0.914282,-0.294209,-0.278442],[-0.29002,0.00445813,-0.95701],[0.282803,0.955731,-0.0812505]]],1],[4852,[-0.511028,-0.476338,-0.715509],485,64.9386,[66.742,130.366,-29.2284],[63.7181,142.03,-39.2961],[-23.7168,150.368,-154.948],false,[108.135,119.697,79.4845],[90.0107,149.711,21.6708],[84.8049,168.669,-20.7037],[70.7216,155.541,-40.4223],[62.1115,139.495,-40.6583],[[[0.808389,-0.379159,-0.450274],[0.524072,0.811908,0.257204],[0.268059,-0.443897,0.855044]],[[0.841486,-0.447056,-0.303383],[0.52866,0.797144,0.291684],[0.111441,-0.405834,0.907127]],[[0.841486,-0.447056,-0.303383],[0.17536,0.757128,-0.62929],[0.511028,0.476338,0.715509]],[[0.841486,-0.447056,-0.303383],[-0.261515,0.154333,-0.952781],[0.472769,0.881091,0.0129574]]],2],[4853,[-0.582273,-0.451002,-0.676428],485,62.4402,[84.0245,124.089,-28.5433],[80.8991,133.816,-36.5994],[-39.3479,130.714,-136.409],false,[117.957,116.266,73.6944],[109.853,140.506,18.63],[103.966,158.962,-20.0955],[88.3341,146.854,-38.2556],[79.0319,131.335,-37.5435],[[[0.797202,-0.500468,-0.337639],[0.588767,0.768179,0.251503],[0.133498,-0.399289,0.907054]],[[0.794413,-0.492492,-0.355471],[0.59197,0.758798,0.271658],[0.135941,-0.426237,0.894339]],[[0.794413,-0.492492,-0.355471],[0.172817,0.744344,-0.645047],[0.582273,0.451002,0.676428]],[[0.794413,-0.492492,-0.355471],[-0.324026,0.151373,-0.93386],[0.513727,0.857052,-0.0393274]]],3],[4854,[-0.585005,-0.354848,-0.729282],485,48.9519,[109.308,113.254,-21.0344],[106.337,123.437,-29.5358],[-20.4249,98.716,-115.729],false,[125.413,106.212,67.8996],[126.013,127.757,16.0013],[127.149,139.795,-16.0625],[116.06,133.069,-29.8861],[104.301,121.229,-30.6584],[[[0.698982,-0.663318,-0.267271],[0.715059,0.642672,0.275068],[-0.0106896,-0.383382,0.923528]],[[0.697986,-0.678202,-0.229907],[0.715344,0.645471,0.267675],[-0.0331392,-0.351296,0.935678]],[[0.697986,-0.678202,-0.229907],[0.413018,0.643526,-0.64443],[0.585005,0.354848,0.729282]],[[0.697986,-0.678202,-0.229907],[-0.131601,0.194102,-0.972114],[0.703915,0.708778,0.0462288]]],4]],[[0,200,0],[235.247,235.247,147.751]]],[575985,16777159893,[[485,"right",[-0.178912,0.556678,-0.811234],[-0.428516,-0.786312,-0.445071],[94.4524,133.002,37.2938],[-72.7751,88.9869,-94.7137],[102.535,120.583,45.4921],0.546193,0.987847,0.974812,[[0.873449,-0.253257,-0.415869],[0.37289,0.89714,0.236839],[0.313112,-0.361941,0.878043]],61.7535,[194.083,10.4736,308.566],[112.152,105.182,78.8103]]],[[4850,[-0.306179,0.218818,-0.926484],485,50.508,[40.7953,130.362,14.0259],[36.6883,136.506,10.9141],[-149.029,166.131,-43.6116],false,[83.7916,102.51,87.3196],[83.7916,102.51,87.3196],[53.6939,124.781,56.6856],[43.5767,132.012,26.0714],[33.0281,139.719,7.53042],[[[0.704746,0.704082,0.0871856],[-0.451299,0.350081,0.820836],[0.547414,-0.617828,0.56447]],[[0.601401,0.798884,-0.0100661],[-0.501246,0.38709,0.773895],[0.622149,-0.460376,0.633234]],[[0.601401,0.798884,-0.0100661],[-0.737951,0.560271,0.376199],[0.306179,-0.218818,0.926484]],[[0.601401,0.798884,-0.0100661],[-0.649631,0.4963,0.575904],[0.465076,-0.33981,0.817455]]],0],[4851,[-0.398249,-0.588427,-0.70367],485,56.9926,[55.1005,132.5,-13.7344],[50.4513,144.542,-24.4923],[-40.743,141.945,-158.6],false,[96.9792,121.088,84.3768],[69.526,154.639,27.7707],[63.6948,171.535,-9.83424],[54.3661,157.751,-26.3173],[49.5923,141.925,-25.3633],[[[0.843031,-0.170727,-0.51005],[0.375554,0.865693,0.330961],[0.385043,-0.470562,0.793923]],[[0.916171,-0.292839,-0.273636],[0.375523,0.865782,0.330762],[0.140049,-0.405791,0.903172]],[[0.916171,-0.292839,-0.273636],[0.0450475,0.753657,-0.655722],[0.398249,0.588427,0.70367]],[[0.916171,-0.292839,-0.273636],[-0.278415,0.026101,-0.960106],[0.288299,0.955805,-0.057618]]],1],[4852,[-0.500932,-0.457975,-0.734388],485,64.9386,[66.4494,131.882,-30.6496],[63.5528,143.626,-41.389],[-21.6894,160.45,-179.983],false,[107.331,120.77,78.4484],[89.3071,150.625,20.5209],[84.502,169.751,-21.8254],[70.6969,157.129,-42.0642],[61.9297,141.196,-43.0323],[[[0.810843,-0.377793,-0.446996],[0.521034,0.813825,0.257317],[0.266564,-0.441544,0.856728]],[[0.844012,-0.446339,-0.297364],[0.526368,0.795703,0.299656],[0.102866,-0.409436,0.906521]],[[0.844012,-0.446339,-0.297364],[0.191601,0.768791,-0.610122],[0.500932,0.457975,0.734388]],[[0.844012,-0.446339,-0.297364],[-0.236434,0.188016,-0.953283],[0.481397,0.874889,0.0531578]]],2],[4853,[-0.576578,-0.443787,-0.686011],485,62.4402,[83.6481,125.449,-29.7696],[80.4728,134.99,-38.1965],[-42.7549,130.624,-149.322],false,[117.18,117.355,72.696],[109.184,141.468,17.5603],[103.416,159.905,-21.1925],[87.9365,147.99,-39.6099],[78.5487,132.51,-39.2726],[[[0.799632,-0.498919,-0.334167],[0.585866,0.770264,0.251903],[0.131718,-0.397207,0.908228]],[[0.796856,-0.490924,-0.352157],[0.589302,0.760071,0.273888],[0.133207,-0.425776,0.89497]],[[0.796856,-0.490924,-0.352157],[0.180497,0.749698,-0.63669],[0.576578,0.443787,0.686011]],[[0.796856,-0.490924,-0.352157],[-0.310206,0.167732,-0.935755],[0.518453,0.854903,-0.0186297]]],3],[4854,[-0.573329,-0.349388,-0.741095],485,48.9519,[109.186,113.854,-21.59],[106.207,124.528,-30.9822],[-17.571,105.742,-129.891],false,[124.682,107.311,66.9439],[125.388,128.759,15.0069],[126.855,140.765,-17.0553],[115.987,134.143,-31.1029],[104.207,122.353,-32.2415],[[[0.701635,-0.661904,-0.263801],[0.712425,0.645148,0.276105],[-0.0125642,-0.381663,0.924216]],[[0.700361,-0.678391,-0.22199],[0.712503,0.645773,0.274439],[-0.0428218,-0.350375,0.93563]],[[0.700361,-0.678391,-0.22199],[0.425192,0.646308,-0.633639],[0.573329,0.349388,0.741095]],[[0.700361,-0.678391,-0.22199],[-0.110426,0.204283,-0.972664],[0.705195,0.705729,0.0681601]]],4]],[[0,200,0],[235.247,235.247,147.751]]],[575986,16777169018,[[485,"right",[-0.177106,0.555118,-0.812698],[-0.422665,-0.788627,-0.446567],[93.7016,133.981,36.4192],[-75.4165,94.0482,-95.0285],[101.535,122.1,44.4648],0.508515,0.970977,0.976679,[[0.875077,-0.247551,-0.415884],[0.368876,0.897428,0.24198],[0.313323,-0.36516,0.876633]],61.7535,[193.292,10.7273,307.441],[111.306,106.278,78.055]]],[[4850,[-0.310228,0.22292,-0.924157],485,50.508,[38.9907,132.737,13.2957],[35.3333,137.864,10.3641],[-151.31,160.533,-47.0462],false,[82.9129,103.488,86.4174],[82.9129,103.488,86.4174],[52.8192,125.662,55.7087],[42.5682,133.028,25.1715],[31.466,141.146,7.1359],[[[0.70114,0.707293,0.0902204],[-0.45717,0.348837,0.818112],[0.547173,-0.614857,0.567937]],[[0.598109,0.80138,-0.00747282],[-0.505272,0.384314,0.77266],[0.622066,-0.458359,0.634777]],[[0.598109,0.80138,-0.00747282],[-0.738935,0.555064,0.381941],[0.310228,-0.22292,0.924157]],[[0.598109,0.80138,-0.00747282],[-0.634561,0.479257,0.606337],[0.489488,-0.357914,0.795172]]],0],[4851,[-0.390912,-0.573654,-0.719798],485,56.9926,[54.6211,133.936,-15.0767],[50.0451,145.919,-26.1574],[-42.7247,146.722,-167.004],false,[96.0331,122.122,83.5262],[68.7297,155.497,26.7442],[63.1425,172.641,-10.7853],[53.9856,159.204,-27.6462],[49.1386,143.377,-27.2043],[[[0.846458,-0.16745,-0.50544],[0.369953,0.867665,0.332104],[0.382941,-0.468101,0.79639]],[[0.918856,-0.288906,-0.26877],[0.371075,0.864288,0.339572],[0.13419,-0.411752,0.901362]],[[0.918856,-0.288906,-0.26877],[0.0537729,0.766456,-0.640042],[0.390912,0.573654,0.719798]],[[0.918856,-0.288906,-0.26877],[-0.264607,0.0541542,-0.962835],[0.292724,0.955825,-0.0266867]]],1],[4852,[-0.488174,-0.440079,-0.753669],485,64.9386,[66.1656,133.557,-32.2554],[63.5286,145.303,-43.2902],[-15.4225,169.107,-189.601],false,[106.417,121.844,77.6528],[88.5665,151.564,19.6025],[84.2313,170.918,-22.6907],[70.7778,158.79,-43.461],[61.9158,142.971,-45.1583],[[[0.814859,-0.374599,-0.442358],[0.516048,0.816376,0.259276],[0.264006,-0.439552,0.858542]],[[0.847872,-0.443848,-0.290022],[0.522016,0.794568,0.310098],[0.0928058,-0.41432,0.905387]],[[0.847872,-0.443848,-0.290022],[0.206881,0.780595,-0.589806],[0.488174,0.440079,0.753669]],[[0.847872,-0.443848,-0.290022],[-0.210558,0.220145,-0.952471],[0.486599,0.86864,0.0931992]]],2],[4853,[-0.567162,-0.430781,-0.701965],485,62.4402,[83.2697,126.91,-31.1096],[80.2519,136.509,-39.7514],[-37.7099,142.861,-157.332],false,[116.312,118.468,71.9556],[108.499,142.494,16.7555],[103.015,161.104,-21.9553],[87.7886,149.539,-40.8011],[78.3014,134.118,-41.0281],[[[0.803592,-0.495668,-0.329473],[0.5811,0.773099,0.254246],[0.128694,-0.395767,0.909289]],[[0.800818,-0.487544,-0.347837],[0.585364,0.759982,0.282447],[0.126644,-0.4298,0.893998]],[[0.800818,-0.487544,-0.347837],[0.192398,0.759426,-0.621494],[0.567162,0.430781,0.701965]],[[0.800818,-0.487544,-0.347837],[-0.290127,0.192286,-0.937471],[0.523943,0.851661,0.0125365]]],3],[4854,[-0.559263,-0.344469,-0.754033],485,48.9519,[109.065,114.524,-22.2187],[106.197,125.709,-32.194],[-11.9475,112.743,-132.028],false,[123.888,108.452,66.2527],[124.772,129.854,14.2996],[126.604,141.839,-17.7516],[116.003,135.31,-32.0445],[104.234,123.557,-33.5907],[[[0.705951,-0.659022,-0.259468],[0.708086,0.64857,0.279234],[-0.015738,-0.380851,0.924503]],[[0.704285,-0.677213,-0.21299],[0.707901,0.647338,0.28254],[-0.0534626,-0.349765,0.935311]],[[0.704285,-0.677213